P3
10 10
0
255 255 255
255 255 255
255 255 255
255 255 255
255 255 255
255 255 255
255 255 255
255 255 255
255 255 255
255 255 255
255 255 255
255 255 255
247 241 231
246 238 225
246 238 225
246 238 225
246 238 225
253 252 249
255 255 255
255 255 255
227 202 149
216 178 65
214 172 13
214 172 13
214 172 13
214 172 13
214 172 13
214 172 13
223 193 125
234 215 179
214 172 13
214 172 13
214 172 13
214 172 13
214 172 13
214 172 13
214 172 13
214 172 13
214 172 13
214 172 13
214 172 13
214 172 13
214 172 13
214 172 13
214 172 13
214 172 13
214 172 13
214 172 13
214 172 13
214 172 13
214 172 13
214 172 13
214 172 13
214 172 13
214 172 13
214 172 13
214 172 13
214 172 13
214 172 13
214 172 13
214 172 13
214 172 13
214 172 13
214 172 13
214 172 13
214 172 13
214 172 13
214 172 13
214 172 13
214 172 13
214 172 13
214 172 13
214 172 13
214 172 13
214 172 13
214 172 13
214 172 13
214 172 13
214 172 13
214 172 13
214 172 13
214 172 13
214 172 13
214 172 13
214 172 13
214 172 13
214 172 13
214 172 13
214 172 13
214 172 13
214 172 13
214 172 13
214 172 13
214 172 13
214 172 13
214 172 13
214 172 13
214 172 13
214 172 13
214 172 13
